27|0186|73400073|0002113013901|322|SIG GLOVE FLCK SML|1|009|701|001|ATLFA     |0||0|RQDFA     |0|RQMFA     |0|RQTFA     |0|1|1|0|0|0|1|0|1|0|1|0|U
27|0186|73400075|0002113013902|322|SIG GLOVE FLCK MED|2|009|701|002|ECL01     |0||0|SCD02     |0|SCM02     |0|SCT02     |0|1|1|0|0|0|1|0|1|0|1|0|U
27|0186|56550009|0003160401328|312|NM FISH OIL SOFTGL|1|701|401|009|ECSK2     |0||0|SCDK2     |0|SCMK2     |0|SCTK2     |0|1|1|0|0|0|1|0|1|0|1|0|U
27|0186|56200016|0003160401486|312|NATURE MADE|1|701|401|005|ECSK2     |0||0|SCDK2     |0|SCMK2     |0|SCTK2     |0|1|1|0|0|0|1|0|1|0|1|0|U
27|0186|56200150|0003160401489|312|NM VIT C|2|701|401|013|ECSK2     |0||0|SCDK2     |0|SCMK2     |0|SCTK2     |0|1|1|0|0|0|1|0|1|0|1|0|U
27|0186|56200039|0003160401496|312|NATURE MADE|1|701|401|003|ECSK2     |0||0|SCDK2     |0|SCMK2     |0|SCTK2     |0|1|1|0|0|0|1|0|1|0|1|0|U
27|0186|56150048|0003160401870|312|NM VITAMIN D|1|701|401|004|ECSK2     |0||0|SCDK2     |0|SCMK2     |0|SCTK2     |0|1|1|0|0|0|1|0|1|0|1|0|U
27|0186|56100022|0003160401893|312|NM CALCIUM|2|701|401|001|ECS01     |0||0|SCD02     |0|SCM02     |0|SCT02     |0|1|1|0|0|0|1|0|1|0|1|0|U
27|0186|56150172|0003160402621|312|NM VITAMIN D 5000I|1|701|401|006|ECSK2     |0||0|SCDK2     |0|SCMK2     |0|SCTK2     |0|1|1|0|0|0|1|0|1|0|1|0|U
27|0186|56150189|0003160402673|312|NM VIT D 2000IU|1|701|401|011|ECSK2     |0||0|SCDK2     |0|SCMK2     |0|SCTK2     |0|1|1|0|0|0|1|0|1|0|1|0|U
27|0186|56150193|0003160402674|312|NM D 2000IU TABS|1|701|401|007|ECSK2     |0||0|SCDK2     |0|SCMK2     |0|SCTK2     |0|1|1|0|0|0|1|0|1|0|1|0|U
27|0186|56150190|0003160402675|312|NM VITAMIN D 1000|1|701|401|008|ECSK2     |0||0|SCDK2     |0|SCMK2     |0|SCTK2     |0|1|1|0|0|0|1|0|1|0|1|0|U
27|0186|56150102|0003160402731|312|NM VITAMIN 1000MCG|1|701|401|002|ECSK2     |0||0|SCDK2     |0|SCMK2     |0|SCTK2     |0|1|1|0|0|0|1|0|1|0|1|0|U
27|0186|56200015|0003160402743|312|NM MELATONIN 5MG|1|701|401|012|ECSK2     |0||0|SCDK2     |0|SCMK2     |0|SCTK2     |0|1|1|0|0|0|1|0|1|0|1|0|U
27|0186|56400070|0003160402803|312|NM VITAMIN C|1|701|401|010|ECSK2     |0||0|SCDK2     |0|SCMK2     |0|SCTK2     |0|1|1|0|0|0|1|0|1|0|1|0|U
27|0186|65110107|0007007463058|327|PELYTE ADVANCED|0|012|314|054|ATLUC     |1||0|RQDUC     |1|RQMUC     |0|RQTUC     |0|0|0|0|0|0|0|0|0|0|0|0|U
27|0186|65110116|0007007466739|327|PEDIALYTE ADVANCED|0|012|314|053|ATLUC     |1||0|RQDUC     |1|RQMUC     |0|RQTUC     |0|1|1|0|0|0|0|0|0|0|0|0|U
