25|1204|01100721|0000954201933|318|LIN VALENTINE ASSO|0|   |   |   |ECL01     |0||0|SCD02     |0|SCM02     |0|SCT02     |1|0|0|0|0|0|0|0|0|0|0|0|D
25|1204|01100722|0000954201939|318|LIN STRAWBRRY  CRM|0|   |   |   |ECL01     |0||0|SCD02     |0|SCM02     |0|SCT02     |1|0|0|0|0|0|0|0|0|0|0|0|D
25|1204|01100730|0000954203935|318|LIN  ASTD HEART|0|   |   |   |ECL01     |0||0|SCD02     |0|SCM02     |0|SCT02     |1|0|0|0|0|0|0|0|0|0|0|0|D
25|1204|01100715|0000954242621|318|VAL CLSSC HRT|0|   |   |   |ECL01     |0||0|SCD02     |0|SCM02     |0|SCT02     |1|0|0|0|0|0|0|0|0|0|0|0|D
25|1204|01100380|0001130012161|318|BRACHS JUBE JEL CH|0|   |   |   |ECL01     |0||0|SCD02     |0|SCM02     |0|SCT02     |1|0|0|0|0|0|0|0|0|0|0|0|D
25|1204|01100216|0003400001743|318|POT OF GOLD PREM|0|   |   |   |ECL01     |0||0|SCD02     |0|SCM02     |0|SCT02     |1|0|0|0|0|0|0|0|0|0|0|0|D
25|1204|01100693|0003400002518|318|HSHY GIANT MILK CH|0|   |   |   |ECL01     |0||0|SCD02     |0|SCM02     |0|SCT02     |1|0|0|0|0|0|0|0|0|0|0|0|D
25|1204|01100488|0003400013838|318|KISSES MC HRT BOX|0|   |   |   |ECL01     |0||0|SCD02     |0|SCM02     |0|SCT02     |1|0|0|0|0|0|0|0|0|0|0|0|D
25|1204|01100422|0004000037825|318|DOVE MC TRUFFLE HR|0|   |   |   |ECL01     |0||0|SCD02     |1|SCM02     |0|SCT02     |1|0|0|0|0|0|0|0|0|0|0|0|D
25|1204|01100429|0004000048908|318|DOVE MILK TRUFFLE|0|   |   |   |ECL01     |0||0|SCD02     |0|SCM02     |0|SCT02     |1|0|0|0|0|0|0|0|0|0|0|0|D
25|1204|01100425|0004000055507|318|CHOC LG HEART TIN|0|   |   |   |ECL01     |0||0|SCD02     |0|SCM02     |0|SCT02     |1|0|0|0|0|0|0|0|0|0|0|0|D
25|1204|01100180|0004142004001|318|TINY CONV HEART|0|   |   |   |ECL01     |0||0|SCD02     |0|SCM02     |0|SCT02     |1|0|0|0|0|0|0|0|0|0|0|0|D
25|1204|01100357|0004142004008|318|CNVRSTN HEARTS|0|   |   |   |ECL01     |0||0|SCD02     |0|SCM02     |0|SCT02     |1|0|0|0|0|0|0|0|0|0|0|0|D
25|1204|01100309|0074759932129|318|GHI VAL SWEETHEART|0|   |   |   |ECL01     |0||0|SCD02     |1|SCM02     |0|SCT02     |1|0|0|0|0|0|0|0|0|0|0|0|D
25|1204|01100306|0074759940843|318|GHR MC CRML HEARTS|0|   |   |   |ECL01     |0||0|SCD02     |0|SCM02     |0|SCT02     |1|0|0|0|0|0|0|0|0|0|0|0|D
25|1204|84834111|0081861702176|329|SUJA GINGER LOVE|0|300|402|056|ATSQG     |1||0|RQDQG     |1|RQMQG     |0|RQTQG     |0|0|0|0|0|0|0|0|0|0|0|0|U
25|1204|84832845|0085331100306|329|KEVITA PROBIOTIC|0|300|202|038|ECS14     |1||0|SCD02     |0|SCM02     |0|SCT02     |1|0|0|0|0|0|0|0|0|0|0|0|U